8.704946264752381202e-01 1.024111325264986272e+00 9.279687436368017073e-01 8.704946264752381202e-01
8.704946264752381202e-01 7.364917827372334802e-01 1.077975531621824024e+00 9.105471219833266572e-01
9.016690481546160152e-01 1.375146496713996358e+00 8.947216731428694336e-01 1.064062276639931026e+00
1.072789062385004266e+00 4.922263679841041850e-01 8.979087924154263156e-01 8.597856584355919596e-01
1.024111325264986272e+00 1.204836853252925666e+00 7.228101491856048222e-01 8.704946264752381202e-01
3.763234937036292194e-01 -1.589703952346773752e+00 3.579145222911941926e-01 8.503648813948294638e-01
7.228101491856052663e-01 1.667594260557683672e+00 1.881698104187152498e-01 1.137528591636143283e+00
-7.962240699878780914e-01 2.213762475514297612e-01 -3.091383068774837817e-01 -1.040114338466022970e+00
1.204836853252925666e+00 1.192164650491722044e+00 1.417455121474030744e+00 1.024111325264986272e+00
1.204836853252925666e+00 1.667594260557683672e+00 1.667594260557683672e+00 7.228101491856048222e-01
1.417455121474030744e+00 1.961875600656098895e+00 1.401252988411308964e-01 1.417455121474030744e+00
-2.049139469632001109e+00 1.648532927542715742e-01 -1.224117406293184634e-01 -1.212651089971580332e+00
6.512073891264764658e-01 8.361285090562622369e-01 1.402546647637320731e+00 -2.168101908444268755e+00
1.192164650491722044e+00 1.667594260557683672e+00 1.961875600656098895e+00 1.417455121474030744e+00
1.667594260557683672e+00 1.961875600656098895e+00 2.308088941948352346e+00 1.667594260557683672e+00
1.538928166998062563e+00 1.615882180599843010e-01 -5.741426033363303816e-01 -4.055110854703163903e-01
